# This file has been automatically generated after a calibration run
model_parameters:
  gamma_snow:
    calculate_iso_pot_energy: false
    fast_albedo_decay_rate: 10.553194434495428
    glacier_albedo: 0.4
    initial_bare_ground_fraction: 0.04
    max_albedo: 0.9
    max_water: 0.1
    min_albedo: 0.48189508633379974
    n_winter_days: 221
    slow_albedo_decay_rate: 30.34542218436487
    snow_cv: 0.4
    snow_cv_altitude_factor: 0.0
    snow_cv_forest_factor: 0.0
    snowfall_reset_depth: 5.0
    surface_magnitude: 30.0
    tx: -0.6859563771796653
    wind_const: 3.467768128937246
    wind_scale: 3.0924272168618656
    winter_end_day_of_year: 100
  glacier_melt:
    direct_response: 0.5210228659313482
    dtf: 6.0
  hbv_actual_evapotranspiration:
    ae_scale_factor: 1.5
  kirchner:
    c1: -3.779541161400256
    c2: 0.20710946621133036
    c3: -0.05434680481320621
  precipitation_correction:
    scale_factor: 1.0298524194111556
  priestley_taylor:
    albedo: 0.2
    alpha: 1.26
  routing:
    alpha: 0.9
    beta: 3.0
    velocity: 0.0
model_t: !!python/name:shyft.api.pt_gs_k._pt_gs_k.PTGSKModel
