# This file has been automatically generated after a calibration run
model_parameters:
  actual_evapotranspiration:
    ae_scale_factor: 1.5
  gamma_snow:
    calculate_iso_pot_energy: false
    fast_albedo_decay_rate: 11.131636470093689
    glacier_albedo: 0.4
    initial_bare_ground_fraction: 0.04
    max_albedo: 0.9
    max_water: 0.1
    min_albedo: 0.4641006939113367
    slow_albedo_decay_rate: 29.035207878307894
    snow_cv: 0.4
    snow_cv_altitude_factor: 0.0
    snow_cv_forest_factor: 0.0
    snowfall_reset_depth: 5.0
    surface_magnitude: 30.0
    tx: -0.46280591813892613
    wind_const: 3.337823377645859
    wind_scale: 3.2262324945785132
    winter_end_day_of_year: 100
  glacier_melt:
    dtf: 6.0
  kirchner:
    c1: -3.5278656919911255
    c2: 0.42854466655132584
    c3: -0.02089278026203803
  precipitation_correction:
    scale_factor: 1.0205833959589115
  priestley_taylor:
    albedo: 0.2
    alpha: 1.26
  routing:
    alpha: 0.9
    beta: 3.0
    velocity: 0.0
model_t: !!python/name:shyft.api.pt_gs_k._pt_gs_k.PTGSKModel
